Mon Jan  5 18:35:04 UTC 2026
