Sat Dec 13 13:27:39 UTC 2025
