Mon Jul 28 13:00:56 UTC 2025
