Wed Dec 10 23:39:54 UTC 2025
