Fri Nov 21 20:23:43 UTC 2025
