Sun Aug  3 18:38:47 UTC 2025
